0	255	2922
1	163	2942
2	127	2944
3	94	2942
4	76	2926
5	193	2943
6	85	2923
7	146	2945
8	280	2922
9	37	2941
10	105	2917
11	198	2939
12	66	2944
13	146	2923
14	276	2933
15	91	2946
16	32	2921
17	40	2921
18	160	2928
19	243	2945
20	155	2945
21	230	2936
22	194	2929
23	132	2934
24	225	2943
25	73	2942
26	38	2933
27	89	2944
28	244	2942
29	85	2941
30	123	2929
31	241	2932
32	215	2926
33	117	2933
34	259	2929
35	87	2943
36	121	2943
37	9	2941
38	78	2941
39	49	2938
40	217	2940
41	215	2938
42	241	2934
43	229	2939
44	147	2927
45	232	2946
46	145	2936
47	27	2925
48	136	2944
49	267	2942
50	54	2943
51	97	2945
52	176	2940
53	106	2944
54	50	2943
55	186	2936
56	292	2934
57	90	2937
58	159	2946
59	271	2938
60	94	2939
61	132	2937
62	2	2939
63	99	2928
64	48	2940
65	252	2935
66	12	2944
67	54	2929
68	125	2943
69	82	2940
70	242	2935
71	172	2944
72	139	2934
73	25	2942
74	166	2929
75	30	2927
76	140	2945
77	157	2945
78	38	2941
79	258	2921
80	179	2946
81	186	2945
82	35	2940
83	215	2941
84	104	2941
85	264	2944
86	78	2927
87	35	2943
88	260	2937
89	27	2944
90	57	2937
91	15	2946
92	133	2946
93	91	2942
94	3	2942
95	247	2941
96	179	2939
97	51	2945
98	187	2941
99	122	2935
100	26	2925
101	144	2918
102	260	2944
103	125	2931
104	84	2941
105	27	2941
106	53	2944
107	81	2942
108	80	2939
109	277	2931
110	31	2917
111	186	2930
112	57	2937
113	94	2938
114	248	2946
115	105	2921
116	219	2945
117	33	2933
118	208	2934
119	216	2933
120	69	2908
121	36	2943
122	99	2935
123	30	2929
124	135	2944
125	68	2943
126	9	2926
127	2	2944
128	169	2936
129	187	2919
130	217	2913
131	97	2943
132	247	2946
133	92	2946
134	254	2942
135	124	2944
136	48	2944
137	177	2945
138	245	2914
139	72	2934
140	275	2946
141	7	2940
142	222	2909
143	190	2933
144	242	2939
145	46	2936
146	7	2945
147	159	2944
148	24	2931
149	28	2941
150	269	2944
151	229	2944
152	94	2937
153	261	2944
154	218	2944
155	20	2945
156	178	2891
157	77	2945
158	266	2946
159	58	2946
160	66	2938
161	199	2943
162	299	2944
163	185	2944
164	289	2932
165	219	2943
166	212	2942
167	241	2946
168	206	2946
169	128	2936
170	189	2946
171	181	2935
172	71	2944
173	167	2936
174	45	2937
175	163	2906
176	52	2940
177	137	2945
178	183	2927
179	80	2946
180	179	2944
181	97	2938
182	3	2938
183	177	2941
184	199	2943
185	163	2944
186	81	2945
187	98	2941
188	9	2924
189	170	2946
190	266	2935
191	131	2942
192	59	2927
193	5	2943
194	22	2929
195	104	2936
196	87	2926
197	98	2930
198	11	2939
199	161	2943
200	279	2939
201	241	2944
202	176	2927
203	177	2942
204	238	2945
205	29	2932
206	168	2946
207	174	2924
208	118	2934
209	198	2930
210	9	2928
211	272	2947
212	166	2942
213	173	2930
214	287	2942
215	83	2941
216	119	2933
217	40	2940
218	154	2944
219	116	2945
220	289	2942
221	201	2925
222	136	2941
223	167	2908
224	282	2926
225	24	2943
226	238	2866
227	229	2944
228	214	2941
229	151	2944
230	48	2937
231	166	2931
232	45	2946
233	195	2916
234	266	2930
235	269	2943
236	45	2926
237	298	2941
238	204	2945
239	217	2926
240	277	2931
241	167	2946
242	144	2939
243	19	2945
244	28	2942
245	272	2942
246	211	2914
247	132	2946
248	114	2946
249	3	2919
250	141	2926
251	48	2935
252	41	2936
253	184	2939
254	89	2944
255	0	2922
256	201	2941
257	168	2943
258	203	2930
259	34	2929
260	102	2944
261	153	2944
262	230	2933
263	79	2904
264	85	2944
265	204	2937
266	158	2946
267	49	2942
268	244	2919
269	150	2944
270	206	2935
271	59	2938
272	211	2947
273	69	2933
274	24	2942
275	140	2946
276	14	2933
277	7	2938
278	298	2932
279	200	2939
280	102	2940
281	43	2916
282	224	2926
283	266	2931
284	66	2928
285	143	2933
286	276	2930
287	214	2942
288	243	2911
289	220	2942
290	139	2919
291	279	2929
292	56	2934
293	102	2933
294	162	2923
295	212	2939
296	124	2925
297	20	2935
298	237	2941
299	15	2945
